World Cup Tickets - AT&T Stadium
W97 vs W98 - World Cup - Semi Finals (Match 101)
Tue · Jul 14 · 2:00 PM

AT&T Stadium, Arlington, Texas, USA

Favorite

USD
EN
Search events, artists, teams and more
Sell
My Tickets
Sign In
Only 3% of tickets left
126
129
142
145
203
204
221
226
228
230
243
246
248
305
317
318
319
325
346
347
119
120
128
143
201
205
217
218
220
222
223
225
227
229
240
242
245
247
302
321
324
328
345
349
350
101
103
118
202
216
219
241
244
249
303
316
323
327
330
342
343
102
127
144
215
224
250
301
304
320
322
326
329
341
344
348
401
402
403
404
405
406
407
408
409
410
411
412
413
414
415
416
417
418
419
420
421
422
423
424
425
426
427
428
429
430
431
432
433
434
435
436
437
438
439
440
441
442
443
444
445
446
447
448
449
450
451
452
453
454
455
456
457
458
459
460
146
147
148
149
150
121
122
123
124
125
202
203
204
205
206
207
208
209
210
211
212
213
214
215
216
217
218
219
220
221
222
223
224
225
226
227
228
229
230
231
232
233
234
235
236
237
238
239
240
241
243
244
245
246
247
248
249
250
251
252
253
254
255
256
257
258
237A
217A
215A
501
502
503
504
505
506
507
508
509
510
511
512
521
522
523
524
525
526
527
528
529
530
531
532
533
534
535
536
537
538
539
540
541
542
543
544
545
546
547
548
549
550
551
552
553
554
555
556
557
558
559
560
561
562
563
564
565
566
567
568
569
570
571
572
573
574
575
576
577
578
579
580
581
582
583
584
585
586
587
588
589
590
591
592
461
462
463
464
465
466
467
468
469
470
471
472
473
474
475
476
477
478
479
480
481
482
483
484
485
486
487
488
601
602
603
604
605
606
607
608
615
616
617
618
619
620
621
622
623
624
625
626
627
628
629
630
631
632
633
634
635
636
637
638
639
640
641
642
643
644
645
646
647
648
649
650
651
652
653
654
655
656
659
660
661
662
663
664
665
667
668
C106
C107
C108
C109
C110
C111
C112
C113
C114
C115
C132
C133
C134
C135
C136
C137
C138
C139
C206
C207
C208
C209
C211
C212
C213
C214
C231
C232
C233
C234
C236
C237
C238
C239
C307
C308
C309
C310
C311
C312
C313
C314
C332
C333
C334
C335
C336
C337
C338
C339
C210
C235
221A
10L
10R
1L
1R
2L
2R
3L
3R
4L
4R
5L
5R
6L
6R
7L
7R
8L
8R
9L
9R
242
201
OTHER TICKET OPTIONS:
BENCH
BENCH


Filters
Number of tickets

1 ticket
Price per ticket
US$4,180
US$14,140+
Sort by
Recommended

Price

Best deal

Best view

Features
Zones
Perks
Reset filters
View 5032 tickets
5032 tickets